../blog20141103,2014年12月,../blog20150105
日,月,火,水,木,金,土
,,../blog20141201,1,../blog20141202,2,../blog20141203,3,../blog20141204,4,../blog20141205,5,,6,
,7,../blog20141208,8,../blog20141209,9,../blog20141210,10,../blog20141211,11,../blog20141212,12,,13,
,14,../blog20141215,15,../blog20141216,16,../blog20141217,17,../blog20141218,18,../blog20141219,19,,20,
,21,../blog20141222,22,../blog20141223,23,../blog20141224,24,../blog20141225,25,../blog20141226,26,,27,
,28,,29,,30,,31,,,,